$ANSIBLE_VAULT;1.1;AES256
63626162333466393231653038346132366664346131313339656239393365646231666135316664
3335626465323034323130613931626131666163663763320a646638353433383364376536316663
30316531313561306135663066323663653934663233353266323965313166303239386462666332
3463373533396266340a333562646633346639616533663162653761376237616435613033663566
34663339396464393938326335363464613234653564653539303636636461636237646535323239
36396535616132376263663663346562363133663561303963333165326338366533643236353931
32303836323734383662353035333863643239646338376135383066316136376430303633343633
34653431366433383937316162313564646566646336396335616564386365316139393165386234
35366438623061363863323966613237353338336430313733306435666631393237663663386165
63383765323034373931623437383161366461386134623066663965636235383537383165303031
33343635663538356339333035383365643938633838343964343766383136383763623736386234
61383531363562616663373861393262646434633238303533333536663865343435353239613837
39616663616336376536336233383035343832356361656561633162346233336466366638656162
63356134363237633336316334613838383066616536323133316533353063383865626135623637
63653763666338383361633262373037313036343633393532643237303266633035373265363134
36613532386666363031623566633734366262396133396239666162363639613561393337666262
64643766393931393962323430383230323233636635323235366331333864636362356434316565
36383561633138636265313164316537333166303662613835643565326331336262333762303461
39323463373439386239353231353866663066323866333762643662343834643862623262343838
32653865353861386339636137666261376538316630363864343937613038333836643136373631
30666661303264613435323262333663666431306336363230666439643236306336376531366162
65333262396339313930643164646337383364346131376336626261303362306331666536366366
38346237376639646662303437323131393863666161306136316630353333323534383064363330
62646565343135626234356333353862336630356565306235336237376262313538303565663937
64653264366236363833646332323834333631313632376164383863316661303430376335653234
39633438383965343134353563303132386234333264333564316334396561323866306335363037
36393965316466616339623666626336393364613962343031396134656164376133613463653739
31366666313265303031653431646535633636663263383232666362316263646636303761366165
30663566633361623736656335633133353430333931646535663333663865333138653066393930
64613362633235346166383963383332356634363464616265613066363732643063626631306239
30653536656332613863626531343462326633633036323933306166336238653730373664663436
36663965663139336564343865363533396536353935646232656533353337373266343039343632
31343461393331626132666637613639623432663866353165386236323439376330326435353737
66636239663437366234313637336465663566313566653366643235623464346430363734353863
39643361646136363864646137346439623461393738356135333333306639336430353265613637
31313634323437313931353764333432333662633339663738646536306330616164306137376437
34316230643631323739643136323939316666613930303031643438633263393535366231383365
33343737353063663166663136393832393035623938653736353634393266343634636437323665
63636363343032383333346465373031363730633038343738626163323739353565626566343463
34393664616565323038646531663133393861633130323963396132326433616661636232306538
30306133346136663130386439363036333332653864306364616633373435366434663839306361
62636139613563346635393638626333636630336637323434393039353564646130653531623438
37326630393465326136326536303166353463623633616632376139326633316230643036326262
34663739373034326565383764363465333361386436626639303730396238663432653564666530
37303632636637346634316434393662633863356331613133353964633266393866306464313130
34636139613638343662333130383938653263373737623666363034323962363734666331386364
37633762306539333039333834393132346634626464343231346564643337646264316165383763
34633739303164373461353866643463356431616336376666343130323630343131336465393162
30616536633666386235363434353636306133363763333066323934636438353234386634663033
61323730653761363439373263643339343838363734636562363837396533633938383338343237
62333530356332356632383431323334353132383663383466353739663533663634383564376261
38333239356361373130396133633932643166626365326438616162393166366266336632613465
37353433393861366361333439643934356339396132363131323330346362633361366163633235
62336334666338373732306161636333356264643465303530623331376639393432376333623566
64376437353063396165363130616234623430313438346137646533376464363838326336363038
36383638353130623762613038376236633734373738646130303561306434643436653762646338
36666264313037363336623664336162393934336431353333376133643730346338326336643137
62636435653161636530626434383535336135356465343337373963626630313864626661636536
37626436313038643561326537623133633339346563356565396663353530653439656339613535
65643335626438613661356366626433656565616361643239313039343031316136363731656635
35323635363265396438323865623162363936386237636535306630313064653833323836306538
32373364656463306534393533626434333338396337376361353238353038643766336463363761
61666230623832613266363733343766613863386166633866626166333636636431366332643230
64306336636639306435353835616530383639633533346232326532303164343433626335313764
34613039333032633063616432343764363231336366343035373536613036383534323236646438
39376633313536346236323533666661303631383737653966666634633932333364316130656163
62636631666164643231376366353964333734363162616133613132623338306265303838643363
36366663313862353964373231636638323965373839346665636565643037366534353632373837
33326139616137653762323430373030636161626637383130383262343538336537646162653765
31313834313630383331386637613463633566643062396566373230623935323266313036393538
34323434393930633236653535393639336136306435306534383166353662613238666339326335
37636535666162656237376439633435346237316564353065643231326539383833333730326236
30313138363331636261346639636561313838633031363165346264353731343366353365646665
32636663633933376635643933343234363135633464623766363165376430326335323736363334
35306432313233636165326365663361336133666335353432386364663037663733316337633763
64343162393561643930363837303639333633373130613533613034376531616630303032393764
37313333623232333032336562323033383462306630356335633963326530316134353638353866
63363437356439623731343663306335323366643239343235383331663139613864353665653532
34393936376239326139366662363736393664316262633932653835663439633935383637346431
61623937636465313466326238386430333739316266613932336236373837303031666138303163
38386233343430323261653535663938653039336665666264616230323162643535333764303066
39393132633735333363616339323835383665383632373930373665333030633633303332346434
38386363663235316162623839623261353163633164613137653432633636366635666262323662
61623561653330333263646566376661323731373931613434373661613261353461373262663261
34373730663164663136643633663766396564643465333762653136363138303135356332633565
39336437326538633565316433343732663238353265326136383461666135633265393730613238
37366133396539303362623737373532613865366630353562323065313438323438363863316561
31313465363262393837646233653536353433353861386535613962306237356135663466646636
32613034363761666439333035626332363163336537363831636164353264623433393036343536
38363566383061383666306564656231303534376461626539343635373135313038313738386365
34643066386166636438333132333263356264666234353639633838393463613764666663633934
30356532623963326561353735633134333830636434393565313831396261666634303137386135
37643066326537623363303134656331363031323832306432653963636561626431333662653062
36333138333136643039383838316239333966333135616539393839633862386462396530356166
35313834333132306138396439316437616266656437623432393961303665353862303637626535
64666263303336396161353234376639656565356133643762383666666531613062376235623832
61353539353330386332306339343363623065303132343961396539393836623333306632336430
33326161656162646538653333343032306237623137666664316462353866366264336631343132
64333738313939653961666233336465363436656363653932636661653232653438353235393231
33316431356337393636363035343664383933303064616231366331636430306663353065353935
34613363303162333362333839653537333635663362323930313463393938323463663735373165
32323038613266663133333265653362336433366439393736353164356437666665373939623363
62313262326662393766633836393434353338346462346637333130656162303966386238303034
39346565386361663963396536326436393133623363333565316364623866613736326636663633
35633135646364623435306439633030323636366137303035633035616433646463373836323432
37353631313661306662663630663262393438613539393437313434333239666331343066626632
33663132633237616162623161616532393830626334383736383661666234383239626166646163
35616632666636626663316261393262613263653361333934363031336435386136666463373238
61343330383266376462653730336663316133653263626335613633353433636336626531353438
36306263316332616532653432303064346538626466306164643165626164346364376261343333
65383465353365623833363135663166356137313637633363383166366161366334643763383566
30656264353333393761643939626264616366363164386535656366316562613062623463303631
38343538326238366235363862643337333437356639363061623261346134303563653461333862
34666164663736383538323262613535653562333865613763316164343733623032666639363537
38656162636239316534616364383932663634336236343431306130326636393736643361653566
65343732373565353562393766326665643439623431386533613938303764373935666538346636
64623838363364396263636365313939333934366665363832633737386433643933393034363336
65626532323535636232383831623465613231343935666666653932633539323164656638656134
36333136346665376132313035643664626431636666623661383331616462633166393032663430
33643335376532656664643638323038386362666663643535353633393432373964613438623162
66333131313662386663353065363464333530316161363866336335323166313331666261323161
62653133386139653236303837383732333237396534666265326561396238613161323166333231
39613563383339626265343366306331323439643661343431653966376132363030613533313036
34626636363932336662636238363933666639316461303736643665316466663938663730316233
32393330326338613834323838616639336237393538663435626134303434346630336234386166
65303638633735373839373662656261643263663330366531316530336432336138326233373137
64343362323137383033326362303933636131653461383665333731636339313736323736653434
39333139383933356630303565303637363133343861653064393665323438363663356433366636
65613264623766376635363139646231313962303464643031393835303037666539356337653364
35386661393838383865376239323632393530663035616130643662646662313965616339616433
62306561373164646535383132313839336565383461343233303261303535373265386532343537
37363464303364326133653864626438323461653532663434303365653662643037616335366265
39303261373764656366343465343738626237613132656233383838643263316565383132646332
34386131306365376331343463313030656434393336663863343138356563326562316363353733
33353461373465363138326333613666353532643734646239323236376632306562633235663538
33613730613037343039633766356435303138323539626636653635653861643036353034613734
33383536343335316464393664643436353965613766626335343236376563633038656539636361
65373232333338616134333032346538366161623931353636623463623337356439316632393433
38313863343661643962303465303237366139666535623966313463386139303762333134373538
64386639356464383431643062643035396361633366636166323665373861323234346333623466
63353434366531633235393238623265666635653637373362333837626431323134353765613639
64346365363733656233316666366134633262326437386239316133376562313333623961333234
35383366336136646638383966366563633933363966343331616439313632323536343966313462
33323561656636383338666637343861626231613466326161653831613532376562343930346663
30336636376435363031396231396633636330653430616464323637623562333666386364386163
63363138366162343931303234326535313037346139663762306362333162373630306565313163
66316663653238323564663136386532376163633038663137343634343532616434373339666135
64303066633563326136346637313637646563383664663339336439336536326261313465633438
39663734633264656562393962363161356534623832366431333930663961333939386565346564
65636638373133376662383761636337303436663663393730333931383533393038616334643636
30613163666366613639623161646664366134623563326265333134356262666265323439333966
63303433313133356463646366383434333064623563623364396430356361633061656236613138
35333934616238386138626236643062313865656462623334623161663965316637346536626339
62303430336237303230613531306663306566373566363866653838313232626234346436346361
38363864626463656566313735343033613738316363303339626636616161313865353663393432
39323661663566313932623634336266343134646639636131383738346330626536303166623665
33343434636365623735633730353535376265656365623331323233306137313439666663366432
65643464323866376161613761626633346232326436346234323562396133653934636231326338
34356262356365313466666264383764633635306632373538663534376164613935636666373236
32323335633834376464663433623138306237653334663631363337393633383537393333343930
39353837376366653339366266626534613535376631333238383832346235626365633036333262
62353737663261653966313434633934303732306635623264373932653831623666616634316664
61346130653063623961643163333930653631326162313165633630343165663038383832353032
65343339396432363166383230343233363964623633643034366338373961653137366230303765
36303739393261353764323761613836303538396135616437303832383430356630633630613332
33643361656535356533326337376131376565613363376134366536333765633835306339373237
66623634633861346331626534333565393066613266613837626266643435323536313866333764
32333462366366663338363938303165666135376263336438323936656531663266353261363833
65393533353638306436653031633763393466353535656263353739616339373530363934666133
34373234633366366131626636343936356235353435393163343066663335643236353363336233
64383661336135623364353738353162356563306238613463306237346637373463653035653437
37383065623339613138633838326532663035313065633365616438633435373662643966346235
34393635386135653562353263646335613366306637356566383864303566643237366262616430
66636564666333633732633965303766396466343361386534353031373438396535643166653562
62323935626438313130386138626236633937643562633236656365323666393132333339396438
37646561623931393666333435653265346434636633353532323463376362386630313633623931
62616430313235396265663436313165633239313737303133383864353834366531303463313865
64313831646430353364343939386331653662386165633837303963383632613737373939333033
36626339313935616261353964663062623639646532323165666430336662303061373861383661
34323136626638386239656664663539376435393564376139623031613962616133346165623862
30313565343633636238363565373164396461623862313134623038396533306334623037343830
30633566643536376331643866303833323163343737646166656330666134646533313839633566
63616534326336666364396166333230623136393034613539666462633035376366616330643561
35636563623439396333356338643239643139393834373733363535353535653636373130353365
34633835353065343036336330616563343638643663616639393965656139656366636462326138
32353438303537383737343063353664633236623639643032663462346461626264313466623833
37343862336466393234343031663131373237376161356632616262626538313733643763316131
35373134613537336436653837323832313334356661653563366135613135363031306561336461
30643663363965393631616666336664353862366463613937386363363733323733366331323464
36626261663231623063313037323930393466663561353062356662386561633666613238616466
35383233666361633738306266396262643666353732393032613830316561316339363734636163
64646335316661353333353963333930313136633936396231343439386663613639626364386432
62393432383537343135636331613963333331636364303066386232333963623939303839656637
31353063393664313137306137653531653762373838616639373635643735626266333839386331
36363930313832356435336366343839316432326539646634323631313538326437343666623038
66383634306430396235646137636138326332353233363933366536336436663632613562336562
35383236623330626264386361343566303230643864383630333765363164316137313366626165
33656534393037386333323235626334326465356261653139333732393662663834373433363864
35343762343964666235393264633465626661306537323230383337366261303365633636633363
61666431383664623263373635373661646230373736623739376435643062366333613532346265
39623233376337653631653662653137333538623731653130616237323536363431363436363862
37316163663330326638333761616332306162613839656136376530613336326363393931326133
63663731616534326263366633393766383430373630646237626138363133376364346638613464
61363361623134353338643830393836316134666139343537373839373530306432393830353237
39343265366661336161313134356266623665383663356664313030303237633630333261653261
36393734356230393239623839323766323336633563663430316331366339353964656366393633
64623964333933373734356263653235633162653666383664366539646431663361373866343933
35616637393964663366323338663765643563386165313335353630323062323735316339356132
65323765376439373062303038666335613036626563393963653763646536373037613465626565
35353733303363633662336662363438376266323832376466626138303831613533666661646333
35353535616465353232663337653466666365333166666535383564373030343765376137626133
33663363333932346634313834336236376638383232336434303239336662643836323237303865
33373562343939626636393734376639376261313135346638646437663963303837306163626539
35636139623366306363396430656236313865306361393063343761353262653837663039353137
65383162383862393030666139613237663462646230313530353736613939626533376130663233
33663538346130353836346666343738316232323239376532663939633839323436633563346635
39386163633333303333383530346338613832653663626635303430643438396362353863613663
66346633376630363464343430343164393330346364396431336536363366646465656165643837
38636337306438623165383531326363653138646566393034383633663338303462333964396234
39333663653033346361626536666539383164616531386430336666623937613232336465386666
37356639306437623566303265356532643534626666306166633530666539623164323266333530
38356134643066333631346662366263323633393437366366316636643835303762623331396634
38343537303965313435363534333035636639613234303939613661383937626264353838653764
35353065633163383636373661383035633830646464326462313564363437623263303239326564
31613566313165653837623531386137363333373630373366626265373131376634363235396234
31396665343933616638303631373035303432373161663437313633666531643663383534333437
37363132626364343433353933663832366563303562396263623862353765336539623764343837
38396633386534623362353833393862343565336335353837363833663061356662303037663763
36646238626132386264643961313663326366306133663338643939313866316630353866346434
34323935343664316365313134663938653661343236316564643462343232646134383466333331
66333662393465656336623037303330343966303136306238373965343937656437303766386236
62633232313034386663633937316137323733323031373136613534383535363438663363303731
38663036306637326662346164643164663737353234626632613837366463326432363132383837
62623933383464663732386231623938393638366337396138366135356233336133646531386366
63633038316132626464326262323063643266636533643332376433623034653139386537323138
35343335626630633465333164613937653661303061616239643864326463373831393633373031
31666638323138396332386537326361313139653165323737303737363938323365326535313130
33303033623431326362386631313365333365623064353362666235626564626132366432323866
39653037666265633238653138663562313964333465373234646537336334623534336539343835
38373839333538383932623838303562363232343634383665343639636530343865383035333739
64306536366334373336376233353034373131663930336431656632363066346530636333356333
62633830383366323033313066623738636639306530666335336537323036653737646163333461
37633263363666393432393237306362636666313235666139616332373638633335656162613336
32636537656332396165616262613261303336313033343838306339393439643566383565626264
63613161333563386563656166316163653132346131333839313565663865366130373239663137
38373339393764633935303634663136653965613531366365626365666237323434333630306631
38633737663832343030363861663766633764313839666663326262623663633164663638626334
61303630373861386266366639306263343333633536356436373133623531373762313239303163
37303932353865313831623539373061623730356363653266383933353131323165333765373662
65346636366136383338663664616136636164643738376461616562316266313636373734373764
36376332653862363962366461383336376631626261653630666132653532346665306535313831
34333566653633643933336666653531666237333830333432353430356461626266336634643735
33323161663131313561313238343731626161356633363633653663666364396339646239626335
37626537333935623234393864653766626133316132656166386264346635356264356239656330
32653231373233363332626438663732383439346265343930303132373431313834313839333036
37353466613230646463656164326631303465353231343362373163643437626363633439643634
31373537386166343630663266653836623933613638656630366133336637396438343566326566
66653631336332306438353439663262316136653734346166313532346239613131656335323438
63303364643631393334333831333161373932396332343164336137346266326230366166396566
62383966303263656232363835336661626661323338313936376562373838386239666539616237
36346532626436306663333665323135656235393135373635643931633266343966643334653435
35646638313232356634386466386231613435376233356265323964396430333732643036373238
37643664643662613337643539323564383335383039343438616335333862376339386533323566
63343565353431313466666136316631383031656432636561366434646639393434363938373732
33653436666464636431316139613462323036666664353231623162396233346339643830343738
38663033366233383630646264646162323330353230366137643431316565663139306633363138
31643032393733616133393935613330373261656235336330366565356130623534333630316462
66303066663030646230336666326563333334336664663166393837373636356363396137643030
66333536626163343965326531373930393832666131623530383061616162326331656365623864
32383864396335636632363964643939373365346538643666363733633462643237373266623865
38356561613365626233663539386234656136636239316436366563366261316166393634353136
32623938373365626237366665633933653561376562646238656630656233643965663766313437
62363930613332383438353164313766323334336131353434636664326236323034633664633765
34393531616339313838333030356432353535306637376462323539363933656234656439313835
66336265643437336633336533333936396334633261343962646431323761663363366636313066
65346130386132356138623564363266393035346161336364303333326466636230636530333336
64343834326630626665633334393637333237653230313137376135653037363235393765366133
61396630343762313730326535353236343434613261636232303566323334396231343237623234
63653932393937653739346461386634626466336136373466663863343936653564633330393462
37323761333433613931666364333838623266396638633232373266326638306464316338636366
64626634646431343065616161383535343231346265333239323365353863393761303466626265
30626135633266313636363263626466613833326235336436363431663931353666306236393137
36356137323537623539393236626339613065326430643436393031363762613662353537616431
63303333623130303534323835636432303264343061346534653765366662666635303630343665
36336530323464613064336264616264626232646335323164373561653039373338383331366430
37376238363636353738333337643330643434346637623761333731396639313764363730336464
35316236356531356566343965646666303035363561363737366133363236663665643235396432
35653538346634303462323537333333313264623036376437326536343539633432363866333766
39646631623732633863656564306135663431343436303130653036643039343934363234386439
61616366343563376331396630376134626266343663636162623762613738656637633064656632
37386139613564613139396330653033346537376165316638373435653335623134363437653032
32333830336562346235666566346233383336323836343538366262643931353938633032656566
62373966666166346230633163636239396338373132613532366663656365633662313265653936
63323261303235383263383262326336396537316266366262646237656137616338386238633737
39343235626164323063336364326132656139346138623536376166356334386335613962356534
65636437393234326534393435393631323534343137376465323461646666303365303063616136
63343966313766623837323235336135636265303630316261643331616463656535333937373635
66333266316564373831326165616231356136633839616232616561313463636136316434663134
37366361353662313163343238666534373066366630626139326264616339383837643536353662
32393838393434643939376565663832653963346533666530613238373034386532346231613263
31323035383539303066393161326161363933376537643764326533306432373935323433333232
34616639613938313034626137343630356439663739373066386435363661386139353237316664
66346133343865656338313033613533353535396439343533633464363232353937356663353038
66396564393033373536633234653336613730616332303635333630616164376265333137666637
64383038326363373166383566333534626564636639643438363666356534393962383232653437
37306339633339323837306237663031343130333263303465656332633932636162366632626239
61643362656438326461363038666262303333313330383562636462386363306238353962363134
31656332623239396661663633636530306163666236366363616565343538636139613434386462
36323561366434353037353731326339613433626436363861363430656532366364353461653462
35633637343833393539393864386632313533633532656666653939306139646535333965383431
31646233623463643062343463643230383863336234393031666462656566333832343431633964
31366137666161623538613466643237353131633630653837393630663161343430626361366639
36316638306135343230376638646237623664656337633663623464616630313035653235326533
63396539343735343632376631656336666335613032373030313437346566623536656233343539
39353462396263666664363339323337353838666534346132363539353637626632336664386561
36383534366563303639386365626264646664333134613766383530623839646166613536323336
64363065623166633461386631353263656466643465353639316230383834303233636561616632
64303366393462383230363735306134346639316536386239616331653263356162313666626431
66663639353762323761343235303138626330353861643132393266326631333136656633653063
38363130376337616564633032323864386531306663643236643365346137653964366534643564
30306334353131656530333739653464316261343966623837633835366662643465663734343465
31333539613637333361316263643631306564383433633936626635313735306466393333343666
65656435643761623565666133363831323339363564323839313738656364323163623164623061
66353066323434343666613464613534613735336137366331356137343733363939613061333632
61363333343932303635386232366532636436333630363633383165363538386333653561326537
37356565353530623663383633343037643036373535373262666431383464616637386663316662
66646263623134653435303162326564643461306561346232346437373539626632613830643231
34356563316335343330663638626662653134353138343338303966623036633634376366623833
39353535393561626439633132323036383636303362336262356266633631396432383036356262
36616535666333646666333964373662346234336262386236393164353237323238353836333232
61636139626466613836383964613331313033666433356333323063616130353232326635383931
36613463326532633066623564663361376431393039623465346330373931343637346132663066
61643131376237666537373335653463623433366135636361663339323633643938656134613239
31663261356661336133326164316330623861613438333338396133643363366261343230653662
62356233613564383539346265386164633634313937633466643461316361646263393965396637
35643532313833383139393562353165656533613433373635336461353964636436646664643537
34316230396635353239616636386635326332636430383334383534653364313633626666306532
33393764323465383265303539376536393361353332623938623664386236396563353630323336
37653434336430346136656333323336393032336436333031383661313734313134326462356162
37366363643561663133333830363663333261353266653339396431663462663032393531646232
30646636613436346230666130373634313865613430613339393239353265393934303362613133
64396636633139313439636532333763353436363536616337646163633936646166613831636235
62366466343032333261306432633862336435623434643136396364373932333732333236386134
31303935376265323330643936343738353037353831663634383539333130623534653161386165
65326332613764663836643536633337626166333861343034333963303564363834383939366635
66393964333330613930613163343037643661643132306530393333383066623432386434626639
62353265393266643662663739323534366336663337376262373438616433636632663161366566
36633232643934633062306134336666336562383965636265663737663238666132363030623835
64346465373537323936383439653331303434353863363163323831323564623437663161666235
33383036333237336336326363323361663761633366356566636535383331653965313730313563
36643666353362313836656265326662323531363163623631353861656262646366363730386561
30663562313733646361666161393836643561303163313863326262643961333165356639663263
63613831663535306438626230373735623665613238623034383465626131633662336463613831
36303735356362396337613530306436313132363263393365336430613263363966666262626664
39323835343135383962633035343137666161396135613732306133343533306436383461396432
33363438636533383938653830373436656632633231343965613535616431623338313863396333
38346465323563666430343535653961343639383264303166663663343934313838633664663132
37663061663938336339383663626332376632386538666563636430363862653639343937663434
30643161656438363936346133313138373031316663663635623064376232373166653965663932
38363261313563613562623938616265316364613165666531663735633363613237626634656637
65656234366536353465663566356132316462643162633837363532393132383238663233306166
31363538643335366530396539343764346531363663636231373135306565376538316266383234
66383331663032323864383862343937366164303338336534626435343635343435336366333330
37663866646265346332303966303463353365626434393938316137356436383034346430643839
30636164386361653835623535623138353738386137373463313837373433623163646336356461
33616235363437343033336131376131336238363830373431666561633334333834363162396263
39336633313539343835303963363032353830303330373431626231343963376335633164353764
66333334666234323366356334323431353066333939386565666631666338353965623639323439
35376333353766653736366365383032346462663736633766636237666631663237343134353538
35386231633466393531326465333061613036343431656538633565386463353261366536353862
66666633663239613235646335653064393833626138326236396236633732613330363466363539
66633361623139323961373332383862396435306563313362363835313662383139623464386430
34383939373537623463323837623839393133333565393134323038396566653364353135393930
31326531333634643564393439386437386539613063313635646463313537663461376430666637
33626234653163386233663933353133383535356633373261316337333166336230646162306165
66656132373630303037613966643863633038396664313562323134633265616533343436326431
33613738353562343062633761306564393762653131623239656635306434333237623964656435
34646362643961313136333665313866323338373064346361663431643730376430356563653666
61646665366663393166396264613663383536633236613236623134313265636266363233303765
33353235653639633038623538653864666133346236313533613434653131653666356161323935
61386462343764393036326534383638343666393030323238323862303638613330313137636464
65633864383236393131623364613632633237303034373464316465346633306530333738393666
63343231653234346535636562383131333730646237366138613037613232383538646165323731
36633439323537356363386463613963393238666130376132383130343263356362633337383636
65616463393235623839376439323135326431616131643139366532623131316332653937636331
65666131393561613837373861313137323862393131653632396134613737383461353030633139
37626664333763356133653265383233323132363966613931636130633736616432323238363366
63333035323338623061363963393335333864613065353765363564336438613436386263616338
34376465306438333561656431383565613530373635343233343930346137623864333734623139
61363666613833383161666332393064333363336463663466643762323263333039373631363364
34363762376137323236633133656434326130613931643932303335633861623033376232393230
34663232653239386665383730383932633230356137616231613665303435383865383661373037
38353933353937613665323365613761613966393432316466643861623464343465623064356564
32666466346163396366626664326433663630353539643265656632623630393037656636366135
62666234376338646264616538656535653838623164343565366164366465393237373163613065
30366230306235393639636537323062343461366630616565336363383161373737383137323831
36666334643638656137386230613938656336636166386165393037666438323966653765346530
66366636373363393131326139343663343230336363326362663835633464383461663035333137
38636335343239666161396566306335386465306363386263613231313362626331653530633232
34343737366132643665623931326434363638663863386339663764336233326436333431663266
30336239663039386663363433386336333564643764326537336364663961363336336137656432
35356630663735343031353766626462336436343663623335626565303864626161643064343439
30623039383330313662336162316466373938363138363164396532323235626564383762383266
37326330306136623632303166393637356363663835313761396366393737393766373236663635
66333730623663346661356238663937636331623432646139336132633064663562646134636539
32346233383334636232353132333636326130613863346361326365343863323461353266353562
65343161323337386638646261393539326337636232353238663031653037653337363334396662
36633032663935626132643463323864653732623335306166346564373261666538343331343239
33643032663133643531376132313936343462346135636562393536376134663833636365346432
33383333363561363562363234323431353666316138383938353364633333306339373462653861
61613931383738646333666635653731626131393137313938336130333562336462636139646236
30306461326139313537363335333230343162313763666361343936333031646433373237303030
30366537356661376538306538323336303437306531666266376430373232333361383739396534
3936616463656263383165613138393661316432386463613361
